- OS: Windows-11-10.0.22631-SP0 10.0.22631
- Python: 3.12.7
- Stable-Baselines3: 2.6.0
- PyTorch: 2.7.1+cpu
- GPU Enabled: False
- Numpy: 1.26.4
- Cloudpickle: 3.0.0
- Gymnasium: 1.0.0
- OpenAI Gym: 0.26.2
